0 
1 3 1 5 4 2 1 3 1 5 6 0
1 3 1 9 2 5 5 6 0
1 3 1 9 2 1 4 1 10 0
1 3 1 5 4 6 6 4 0 

0
1 4 4 3 1 4 0
3 4 1 4 3 0
1 4 3 1 3 4 0
1 3 1 4 3 1 3 0
1 3 1 3 1 8 0
4 4 3 1 3 0
1 3 1 3 1 4 4 0
3 1 7 1 3 0 

0
1 3 1 5 4 2 1 3 1 5 6 0
1 3 1 9 2 5 5 6 0
1 3 1 9 2 1 4 1 10 0
1 3 1 5 4 6 6 4 0 

0
1 3 1 4 3 4 1 0 
3 1 7 4 0
1 3 1 4 3 1 4 0
3 1 7 4 0
1 3 1 3 1 3 1 3 0
4 1 3 1 3 1 3 0
1 3 1 3 1 4 3 0
1 4 4 3 4 0

0
1 3 1 3 1 3 5 0
3 1 3 1 3 4 0
1 3 1 3 4 1 4 0
3 1 3 1 3 1 3 0
1 4 3 1 3 1 3 1 0
3 1 4 3 1 3 0
1 4 8 3 0
1 3 1 8 3 0
0

0
1 3 1 3 9 0
1 2 1 3 1 7 0
1 4 4 8 0 
3 1 11 0
1 7 9 0
1 3 3 8 0
1 4 3 1 8 0 
1 2 1 3 8 0
0
1 3 1 3 9 0
1 2 1 3 1 7 0
1 4 4 8 0 
3 1 11 0
1 7 9 0
1 3 3 8 0
1 4 3 1 8 0 
1 2 1 3 6 0

0 
1 3 1 5 4 2 1 3 1 5 6 0
1 3 1 9 2 5 5 6 0
1 3 1 9 2 1 4 1 10 0
1 3 1 5 4 6 6 4 0
0 
1 3 1 5 4 2 1 3 1 5 6 0
1 3 1 9 2 5 5 6 0
1 3 1 9 2 1 4 1 10 0
1 3 1 5 4 6 6 4 0

